de 1 0 1 0 1 1 0 1 1 1 1 0 1 1 0 1 0 1 0 1 0 1 0 1 1 0 1 0 1 0 1 0 0 0 0 0 1 0 0 0 1 0 0 1 1 1 1 0 1 0 0 0 1 1 1 0 1 0 0 0 0 1 1 1 1 1 1 0 0 1 1 0 1 0 1 0 0 0 0 1 1 1 1 0 0 1 1 1 0 1 1 1 0 1 0 1 0 1 1 1
het 1 0 1 0 1 0 0 1 1 0 0 1 1 0 1 0 1 0 1 1 0 1 0 0 0 1 0 1 0 0 1 0 1 0 1 0 0 1 0 0 1 0 0 0 1 1 1 0 1 0 1 0 0 0 1 0 1 0 1 1 0 0 1 1 1 1 1 1 0 0 1 1 0 1 1 0 1 1 0 0 0 1 1 0 0 1 1 1 0 1 1 1 1 0 0 0 0 1 1 0
heeft 1 0 1 0 0 0 1 1 0 0 1 1 1 0 1 1 1 1 0 0 1 0 0 1 0 1 0 1 1 1 0 0 1 0 1 0 0 0 0 0 0 1 0 0 0 0 1 0 1 0 1 1 0 1 0 1 0 1 1 1 0 0 1 0 1 0 0 0 0 1 0 0 0 1 0 1 0 0 1 0 1 1 0 0 0 1 0 1 0 1 1 0 0 1 0 0 1 0 0 1
door 1 0 1 0 1 1 0 1 0 1 1 1 1 0 1 1 0 0 0 1 0 0 0 1 0 1 0 1 0 0 1 0 1 1 1 1 0 0 0 1 1 1 0 1 0 0 1 1 1 1 1 0 1 0 1 0 0 1 0 1 1 1 0 0 0 1 0 1 0 0 1 0 1 0 1 0 0 0 0 0 1 0 1 0 1 0 0 1 1 1 1 0 1 0 0 1 1 1 1 0
werd 1 0 1 0 0 0 1 1 0 0 1 1 1 0 1 1 0 1 0 1 0 0 0 1 1 1 0 0 1 1 1 0 1 1 1 1 0 1 0 0 1 1 0 0 0 0 0 0 1 1 0 0 0 1 0 0 1 1 0 1 1 1 0 0 0 0 0 0 0 0 1 0 0 1 1 1 1 1 0 1 1 0 1 1 0 0 1 0 1 1 0 0 1 0 1 0 1 1 1 1
land 1 0 0 1 1 1 0 1 1 0 0 1 1 0 0 0 1 0 0 1 1 0 1 1 1 0 0 0 0 1 0 0 1 0 0 1 1 0 1 0 0 1 1 1 0 0 1 1 0 0 0 0 1 0 0 0 0 1 1 1 1 0 0 1 1 1 0 0 1 0 1 0 1 1 1 0 1 1 1 0 1 1 0 0 0 0 1 0 0 1 0 0 0 1 0 0 1 1 1 1
bedrijf 1 0 1 1 0 0 1 0 1 0 1 1 1 0 1 1 1 1 0 0 1 1 1 0 1 0 1 1 0 0 1 0 0 0 1 1 1 0 0 0 0 1 1 0 0 0 1 1 0 0 0 1 0 1 0 0 0 0 0 1 0 1 0 1 1 0 0 1 0 1 1 0 0 1 0 0 1 1 1 1 1 0 1 1 0 0 1 0 0 0 0 1 1 1 0 0 0 0 1 1
gesteld 1 1 0 0 1 1 1 1 1 0 1 1 1 1 0 1 0 1 1 1 0 1 0 1 1 0 1 0 0 1 1 1 1 1 0 0 1 0 0 1 0 0 0 1 1 1 0 0 0 0 0 0 0 1 1 1 0 1 1 0 1 0 1 0 0 0 1 1 1 1 1 0 1 1 0 0 1 0 0 0 0 1 0 0 0 0 1 1 0 1 0 0 1 1 1 1 0 1 0 0
advocaat 1 1 1 0 0 0 1 0 0 1 0 1 0 0 1 0 1 1 1 1 0 0 1 1 0 0 1 1 1 1 1 1 0 1 0 0 0 0 0 0 1 0 1 1 1 0 1 1 0 0 0 0 1 0 1 0 1 0 0 0 0 1 1 1 1 1 0 0 1 1 0 0 1 1 0 0 1 0 0 1 1 1 1 0 0 0 0 1 1 0 1 1 1 0 0 0 0 0 0 1
debat 1 1 1 0 1 0 1 1 1 1 0 1 0 0 0 0 1 0 0 0 1 1 0 0 1 1 0 0 1 0 1 0 1 0 1 1 1 1 0 1 1 0 0 1 1 0 0 0 0 0 1 1 1 1 0 0 0 1 1 0 1 0 1 1 0 0 0 0 0 0 0 0 1 0 0 0 0 1 1 0 0 1 1 1 1 0 0 1 1 1 0 1 1 1 0 1 1 1 0 0
kok 1 1 0 0 0 0 1 0 0 1 0 1 0 0 0 0 1 1 1 1 1 0 1 1 1 0 1 0 0 0 1 1 1 1 0 1 1 1 0 0 1 0 0 0 0 0 1 0 1 1 0 1 0 1 1 0 1 1 1 1 0 0 0 0 0 0 1 0 0 0 1 1 1 0 1 0 1 1 1 0 1 1 1 0 0 1 1 0 1 1 0 1 1 0 1 1 1 1 0 1
uitgever 1 1 1 0 0 0 1 0 1 1 1 0 1 0 1 1 1 1 0 1 0 1 1 0 0 0 1 1 0 0 1 1 0 1 0 1 0 0 0 0 0 0 1 0 1 0 1 0 1 1 0 0 0 1 1 1 1 0 0 0 1 0 1 0 0 0 0 0 0 0 0 0 1 1 1 1 0 1 0 1 1 1 0 1 0 1 1 0 1 0 0 1 1 1 0 0 0 1 1 0
bereid 1 1 0 0 1 0 1 1 0 0 0 1 0 1 0 0 1 0 1 0 1 0 1 1 0 0 0 0 0 1 0 0 0 1 0 0 1 1 0 1 0 0 1 1 1 1 0 1 1 0 1 1 1 0 1 1 1 1 1 1 1 1 0 1 1 0 0 0 1 0 1 0 0 0 0 0 1 1 0 0 0 1 1 1 1 0 1 0 0 0 1 1 1 0 0 1 0 1 1 1
roman 1 1 1 0 0 1 0 0 1 1 1 0 0 0 0 0 1 1 0 1 1 1 1 1 0 1 0 1 1 0 0 1 1 1 1 1 0 0 0 0 1 0 0 1 0 1 0 0 1 1 1 0 1 1 1 0 1 0 0 0 0 0 1 1 0 0 1 1 0 1 0 1 0 1 0 1 1 0 1 1 0 0 1 0 1 1 0 0 0 1 1 1 0 1 1 0 1 0 1 1
arts 1 1 0 0 1 1 0 0 1 1 1 1 0 0 0 1 1 1 0 0 0 0 1 0 0 0 1 1 1 1 0 1 0 0 1 1 1 1 0 0 0 0 0 0 1 0 1 0 0 0 0 1 0 0 1 0 0 1 0 0 1 1 1 1 1 1 0 1 0 1 0 1 1 1 0 0 0 0 1 1 0 1 1 0 0 0 1 0 1 0 1 1 1 1 0 1 1 0 0 1
gevoerd 1 1 1 0 1 0 1 1 0 0 1 1 1 1 0 0 0 0 1 0 0 0 0 0 1 0 0 1 0 1 1 0 1 1 0 1 1 0 0 1 0 0 0 0 1 1 0 0 0 0 0 1 0 1 0 1 1 0 1 0 1 0 1 0 1 0 1 1 1 0 1 0 1 0 0 0 1 1 0 0 0 1 0 0 0 1 0 0 1 1 0 0 1 0 0 0 0 1 0 1
politicus 1 1 0 0 0 0 1 0 1 1 1 0 0 0 0 0 1 1 0 1 1 0 1 1 0 0 0 1 1 1 0 1 1 0 1 0 0 0 0 0 1 0 0 0 0 0 1 0 1 1 0 1 0 1 0 0 1 0 1 1 1 0 1 0 0 1 0 0 1 0 0 0 1 0 0 0 0 0 1 0 1 1 1 0 0 0 0 1 1 0 0 1 1 0 1 0 0 1 1 1
zanger 1 1 1 0 0 0 0 0 0 1 1 0 0 0 0 1 0 1 1 1 0 0 1 0 0 0 1 0 0 0 0 1 1 1 1 0 1 1 0 0 1 1 0 1 0 0 0 0 0 1 1 1 0 0 1 0 1 0 0 1 0 0 1 0 0 1 0 0 1 0 0 1 1 1 0 1 1 0 1 1 0 1 1 1 1 1 1 1 1 1 0 1 1 1 0 1 1 0 1 1
doelpunt 1 1 1 1 0 0 0 1 1 1 1 1 0 0 0 1 0 0 0 0 1 1 0 1 0 0 1 0 0 1 0 0 1 0 0 1 0 0 0 0 1 0 1 1 1 0 1 0 1 0 1 0 0 0 0 1 0 0 1 1 0 1 0 1 1 0 0 1 0 1 0 1 1 1 0 0 1 1 1 1 1 0 1 1 0 1 1 0 1 0 1 1 0 1 1 1 0 1 0 0
schilderij 1 1 0 1 0 0 0 0 1 1 0 1 0 0 0 1 1 0 0 1 0 1 1 0 1 0 1 0 0 0 1 1 0 0 0 1 0 0 1 0 0 1 0 0 0 1 1 0 1 1 0 1 1 0 0 1 1 1 1 1 0 0 0 0 1 0 1 0 0 0 1 0 0 0 0 1 0 0 0 1 0 0 0 0 1 1 1 0 0 1 0 1 0 1 0 1 0 0 0 0
militair 1 1 1 0 1 1 1 1 1 0 1 1 1 0 0 1 1 0 1 0 0 0 1 0 0 0 1 0 1 0 1 0 1 1 1 1 1 1 1 0 1 0 1 1 0 0 0 0 1 0 1 0 0 1 1 1 0 0 1 1 1 1 1 1 1 1 0 0 0 1 0 0 1 0 0 0 0 0 0 1 1 0 0 1 1 1 0 0 1 1 1 1 1 1 0 1 0 1 1 0
voetballer 1 1 1 1 0 0 0 0 1 1 0 0 0 0 0 1 0 0 0 0 1 1 1 0 0 0 0 0 1 1 0 1 0 1 0 1 0 1 0 0 1 1 0 0 0 1 1 1 1 1 0 1 0 0 0 0 1 1 1 1 1 0 1 1 1 1 1 0 1 1 1 0 0 0 1 0 0 0 0 0 0 1 0 0 0 0 0 0 1 1 0 1 0 0 1 1 0 1 0 1
schilder 1 1 1 0 0 0 0 0 0 1 1 0 1 0 0 1 0 1 1 0 0 1 1 0 0 0 0 1 0 0 0 1 0 1 1 0 0 1 0 0 1 1 0 1 0 0 1 0 1 1 1 1 0 1 1 0 1 0 1 0 1 1 1 1 0 1 0 0 1 1 0 1 1 1 0 0 0 0 1 1 0 1 1 1 1 1 1 0 0 0 0 1 1 1 1 1 0 0 0 0
uitgegeven 1 1 1 1 1 1 1 0 0 0 1 1 1 1 1 1 0 1 1 1 0 1 0 1 1 0 0 0 0 0 1 1 1 1 0 1 1 0 0 1 1 0 1 0 1 0 0 0 0 0 0 0 0 0 1 0 1 1 1 0 1 0 1 0 1 0 0 0 0 1 1 0 0 1 0 1 0 0 1 1 1 0 0 1 0 0 1 0 0 1 0 0 0 0 0 0 0 0 0 1
gelopen 1 1 0 0 1 0 0 1 0 1 0 1 1 1 1 1 0 1 1 1 0 0 0 1 1 0 1 1 0 0 1 0 1 1 1 1 0 1 1 0 1 1 0 1 0 0 1 1 0 0 0 0 0 0 1 0 1 0 0 0 1 0 0 0 1 0 1 1 1 1 0 0 1 1 1 1 1 1 1 0 1 0 0 0 1 0 1 0 1 1 0 0 1 1 0 0 1 1 0 1
marathon 1 1 1 1 0 0 0 1 1 0 0 0 0 0 0 1 0 1 0 0 0 1 0 0 0 0 0 1 0 1 0 1 1 0 1 0 0 1 0 1 1 0 0 1 1 0 0 0 0 1 0 1 1 0 0 1 0 1 1 1 0 0 1 1 0 0 0 1 1 1 0 0 0 0 1 1 0 1 0 1 0 0 1 1 0 1 0 0 1 1 1 1 0 1 0 0 0 1 0 0
lied 1 1 0 0 0 0 0 0 1 1 0 1 0 1 0 0 1 0 0 0 0 1 1 0 1 1 0 1 0 1 0 0 1 1 0 1 1 0 0 0 1 1 1 0 0 1 0 1 0 0 0 0 1 1 0 1 1 0 1 0 0 0 1 0 1 0 1 0 0 0 1 1 1 0 1 0 0 0 0 1 0 1 1 1 1 0 0 0 1 1 0 1 0 1 0 0 1 1 0 1
gezongen 1 1 1 0 0 0 0 0 0 1 1 1 1 1 1 1 0 1 1 1 0 1 0 0 1 0 0 0 0 0 1 0 1 1 1 1 0 1 1 1 1 0 0 0 0 1 1 0 0 1 1 0 0 0 0 1 1 0 1 0 1 1 1 1 0 0 1 0 0 0 0 1 0 0 0 0 1 0 0 1 1 0 0 0 0 0 1 0 1 0 0 0 0 1 1 1 0 0 1 0
atleet 1 1 0 0 0 0 0 1 1 1 1 0 1 0 0 1 0 1 1 0 0 0 1 1 0 0 0 0 0 0 0 1 0 0 1 1 0 0 0 0 0 1 1 1 1 0 1 1 1 1 1 0 0 1 1 0 0 0 0 0 1 0 0 0 1 1 1 0 1 0 0 1 1 1 0 0 1 0 0 0 0 1 0 0 0 0 0 1 1 1 0 1 1 0 0 0 1 0 1 1
maaltijd 1 1 0 1 1 1 0 0 1 1 1 1 0 0 0 0 0 1 0 0 0 0 1 1 0 1 1 1 1 0 0 0 1 0 1 0 0 1 1 0 1 1 0 1 1 1 1 0 0 0 1 0 0 0 1 1 1 0 1 1 1 1 0 1 0 1 1 1 1 0 0 0 0 0 1 1 0 0 1 0 1 0 0 0 1 0 0 1 1 1 1 0 1 0 0 0 0 1 0 1
diagnose 1 1 0 0 1 1 1 1 0 0 1 0 0 0 0 1 0 1 1 1 1 1 0 1 0 1 0 1 0 0 0 1 0 1 1 0 0 0 0 1 1 1 0 0 0 0 1 1 0 1 0 0 1 0 1 0 1 1 0 0 1 0 0 0 0 1 0 1 1 0 1 1 1 0 0 0 1 1 0 1 1 0 0 1 1 1 1 0 0 0 0 1 0 0 1 1 0 0 0 0
aangeklaagd 1 1 1 0 1 0 1 1 0 0 1 1 1 1 1 1 1 0 1 1 0 0 0 0 0 0 1 0 1 1 1 1 0 1 0 0 0 0 0 1 0 1 1 1 1 1 0 1 1 1 0 0 0 0 1 0 1 1 1 0 0 0 0 0 0 0 1 0 0 0 0 0 0 1 1 1 1 0 1 0 1 1 1 1 0 0 0 0 0 1 0 1 0 1 1 1 1 0 1 1
geschilderd 1 1 0 1 0 0 0 1 1 1 1 1 1 0 1 1 0 0 1 1 0 0 1 1 1 0 0 0 1 0 0 0 1 0 0 1 0 0 1 0 0 1 1 1 1 1 0 1 1 0 1 0 1 0 0 1 1 0 1 0 0 1 1 1 1 0 1 0 0 1 0 0 1 1 0 1 1 1 0 0 1 1 0 1 1 1 1 0 1 0 1 1 0 1 0 1 0 1 0 0
gediend 1 1 0 0 0 0 1 1 0 0 1 1 1 1 1 1 1 0 1 1 0 1 0 0 1 0 0 1 0 1 1 0 0 0 0 0 1 1 0 1 0 0 0 1 1 1 0 1 0 0 0 0 1 0 1 1 0 1 0 1 1 1 0 1 1 0 0 0 1 1 1 1 1 0 1 0 0 1 1 0 1 1 1 1 1 1 0 0 1 0 1 0 1 0 1 1 1 0 0 0
gescoord 1 1 0 1 0 0 1 1 0 0 1 0 1 1 0 1 0 0 1 0 1 1 0 1 0 0 1 0 0 1 1 1 1 0 0 1 0 1 1 1 1 0 1 0 0 0 1 0 0 1 1 0 0 0 0 1 0 1 1 0 0 0 0 1 0 1 1 1 0 0 0 0 0 0 1 0 1 0 1 1 1 0 0 1 0 1 0 1 0 0 0 0 1 1 0 1 1 0 0 1
